Bones: 16
"torso"
""
8 0.000000 0.000000 0.000000 0.000000 0.000000 0.000000
61
0.000000 0.000000 9.543243 0.000000
1.000000 0.000000 9.775611 0.000000
2.000000 0.000000 10.074719 0.000000
3.000000 0.000000 10.408066 0.000000
4.000000 -0.000001 10.743148 -0.000001
5.000000 -0.000001 11.047465 -0.000001
6.000000 0.000001 11.288514 0.000000
7.000000 0.000001 11.433794 0.000001
8.000000 0.000001 11.459169 0.000000
9.000000 -0.000001 11.414325 0.000000
10.000000 0.000001 11.324611 0.000000
11.000000 0.000000 11.203532 0.000001
12.000000 0.000000 11.064594 0.000002
13.000000 0.000001 10.921303 0.000000
14.000000 0.000000 10.787163 -0.000001
15.000000 0.000002 10.675679 -0.000001
16.000000 -0.000001 10.600356 0.000001
17.000000 -0.000001 10.574699 0.000000
18.000000 -0.000002 10.612215 -0.000001
19.000000 0.000000 10.726408 0.000000
20.000000 0.000001 10.924070 -0.000001
21.000000 0.000002 11.124774 -0.000002
22.000000 0.000001 11.294322 -0.000001
23.000000 0.000000 11.423695 0.000002
24.000000 -0.000001 11.503873 -0.000002
25.000000 0.000001 11.525837 0.000001
26.000000 0.000002 11.480569 0.000000
27.000000 0.000001 11.362173 -0.000001
28.000000 -0.000002 11.192647 0.000002
29.000000 -0.000001 11.006295 0.000002
30.000000 0.000001 10.837245 -0.000001
31.000000 -0.000001 10.719621 0.000000
32.000000 0.000001 10.687550 0.000003
33.000000 0.000000 10.775159 0.000002
34.000000 0.000001 10.954919 -0.000002
35.000000 0.000005 11.138552 0.000001
36.000000 0.000000 11.310620 0.000001
37.000000 -0.000003 11.456553 0.000001
38.000000 0.000001 11.561772 -0.000002
39.000000 -0.000002 11.611712 -0.000001
40.000000 0.000003 11.591793 -0.000005
41.000000 0.000003 11.487446 0.000002
42.000000 0.000000 11.310501 -0.000002
43.000000 0.000002 11.120079 0.000000
44.000000 0.000003 10.944563 -0.000002
45.000000 -0.000002 10.811320 -0.000002
46.000000 -0.000001 10.747719 0.000000
47.000000 0.000001 10.781128 -0.000001
48.000000 -0.000001 10.938093 -0.000001
49.000000 -0.000002 11.141763 0.000003
50.000000 0.000002 11.322020 -0.000003
51.000000 0.000001 11.470531 0.000002
52.000000 0.000003 11.578959 -0.000001
53.000000 0.000003 11.638968 0.000005
54.000000 0.000000 11.642221 0.000001
55.000000 -0.000001 11.580384 0.000005
56.000000 0.000003 11.445148 0.000003
57.000000 -0.000001 11.259818 0.000004
58.000000 0.000002 11.067483 -0.000004
59.000000 -0.000002 10.894172 0.000005
60.000000 0.000000 10.765911 0.000004
61
0.000000 -0.457275 -0.117252 0.364229
1.000000 -0.407079 -0.123078 0.368608
2.000000 -0.362051 -0.127943 0.369765
3.000000 -0.322304 -0.145494 0.364638
4.000000 -0.288053 -0.183960 0.350611
5.000000 -0.259409 -0.216247 0.331115
6.000000 -0.234487 -0.238990 0.308597
7.000000 -0.211459 -0.251364 0.284303
8.000000 -0.188868 -0.247767 0.259066
9.000000 -0.168266 -0.231427 0.234473
10.000000 -0.151087 -0.205975 0.212089
11.000000 -0.138453 -0.175107 0.193359
12.000000 -0.132079 -0.142569 0.179594
13.000000 -0.138441 -0.112141 0.172005
14.000000 -0.152442 -0.087679 0.172924
15.000000 -0.166823 -0.070922 0.181807
16.000000 -0.175015 -0.058473 0.196241
17.000000 -0.170851 -0.050947 0.213741
18.000000 -0.151604 -0.049164 0.231869
19.000000 -0.122880 -0.052511 0.248250
20.000000 -0.090746 -0.057044 0.260548
21.000000 -0.062090 -0.062080 0.266542
22.000000 -0.042341 -0.067641 0.268482
23.000000 -0.033790 -0.073984 0.270269
24.000000 -0.030834 -0.081026 0.271949
25.000000 -0.031744 -0.088672 0.273578
26.000000 -0.035363 -0.096840 0.275218
27.000000 -0.040536 -0.105441 0.276929
28.000000 -0.046112 -0.114386 0.278779
29.000000 -0.050941 -0.123587 0.280838
30.000000 -0.053881 -0.132954 0.283171
31.000000 -0.054218 -0.144168 0.285925
32.000000 -0.053552 -0.163659 0.289484
33.000000 -0.052920 -0.189093 0.293863
34.000000 -0.053151 -0.217102 0.298971
35.000000 -0.055005 -0.244333 0.304600
36.000000 -0.059129 -0.267454 0.310408
37.000000 -0.066053 -0.283165 0.315929
38.000000 -0.073817 -0.288190 0.320631
39.000000 -0.077828 -0.279278 0.324038
40.000000 -0.077868 -0.256055 0.326154
41.000000 -0.075394 -0.222458 0.327556
42.000000 -0.071987 -0.182712 0.328823
43.000000 -0.069202 -0.141025 0.330366
44.000000 -0.068570 -0.101601 0.332378
45.000000 -0.071635 -0.068636 0.334836
46.000000 -0.079989 -0.046302 0.337565
47.000000 -0.095944 -0.040607 0.340384
48.000000 -0.124044 -0.063530 0.343428
49.000000 -0.161908 -0.105324 0.347024
50.000000 -0.204875 -0.152496 0.351279
51.000000 -0.247298 -0.191618 0.355516
52.000000 -0.283189 -0.209384 0.358290
53.000000 -0.311240 -0.205020 0.359066
54.000000 -0.334570 -0.194881 0.358690
55.000000 -0.354813 -0.195175 0.357658
56.000000 -0.373564 -0.199727 0.356201
57.000000 -0.392692 -0.201188 0.347325
58.000000 -0.414042 -0.192251 0.328722
59.000000 -0.433933 -0.164280 0.305556
60.000000 -0.422166 -0.113948 0.281976
"head"
""
8 0.000000 0.000000 0.000000 0.000000 0.000000 0.000000
61
0.000000 -1.184214 13.358140 -1.692689
1.000000 -1.187846 13.647918 -1.559936
2.000000 -1.187482 13.990456 -1.442750
3.000000 -1.152518 14.365588 -1.340360
4.000000 -1.073629 14.746004 -1.250641
5.000000 -0.984550 15.088928 -1.175764
6.000000 -0.894909 15.362977 -1.108664
7.000000 -0.811509 15.538157 -1.041266
8.000000 -0.744486 15.591727 -0.967430
9.000000 -0.693812 15.572248 -0.894349
10.000000 -0.653790 15.504820 -0.827021
11.000000 -0.621513 15.402753 -0.769310
12.000000 -0.599354 15.278820 -0.727243
13.000000 -0.588675 15.144153 -0.721961
14.000000 -0.599815 15.011621 -0.738728
15.000000 -0.632825 14.896531 -0.755897
16.000000 -0.682613 14.815589 -0.754093
17.000000 -0.743084 14.786237 -0.714825
18.000000 -0.805392 14.823804 -0.630664
19.000000 -0.860774 14.939156 -0.520072
20.000000 -0.902934 15.137260 -0.402811
21.000000 -0.923689 15.338544 -0.301683
22.000000 -0.929863 15.508660 -0.232324
23.000000 -0.933964 15.637589 -0.199495
24.000000 -0.937172 15.717142 -0.185518
25.000000 -0.939788 15.738460 -0.184804
26.000000 -0.942020 15.692498 -0.193601
27.000000 -0.944157 15.573267 -0.208155
28.000000 -0.946607 15.402665 -0.224732
29.000000 -0.949912 15.214923 -0.239635
30.000000 -0.954774 15.044112 -0.249199
31.000000 -0.961611 14.924267 -0.251259
32.000000 -0.969322 14.889360 -0.251210
33.000000 -0.978082 14.973456 -0.251925
34.000000 -0.987871 15.149105 -0.255537
35.000000 -0.998150 15.328290 -0.263935
36.000000 -1.007955 15.495993 -0.278726
37.000000 -1.016066 15.638092 -0.301211
38.000000 -1.023784 15.739966 -0.325340
39.000000 -1.035589 15.786564 -0.337188
40.000000 -1.052005 15.763326 -0.335805
41.000000 -1.071602 15.655682 -0.325093
42.000000 -1.092715 15.475440 -0.309531
43.000000 -1.113890 15.281668 -0.293879
44.000000 -1.133995 15.102654 -0.283285
45.000000 -1.152102 14.965623 -0.283211
46.000000 -1.167094 14.897759 -0.299381
47.000000 -1.176670 14.926071 -0.340862
48.000000 -1.174969 15.076008 -0.429594
49.000000 -1.158173 15.270120 -0.556292
50.000000 -1.126336 15.437817 -0.702123
51.000000 -1.087367 15.570498 -0.846596
52.000000 -1.058090 15.659739 -0.971488
53.000000 -1.048107 15.697359 -1.074157
54.000000 -1.047339 15.677494 -1.162260
55.000000 -1.040841 15.596619 -1.237332
56.000000 -1.030963 15.444055 -1.304985
57.000000 -1.001477 15.244965 -1.372418
58.000000 -0.949860 15.038979 -1.447334
59.000000 -0.904403 14.848526 -1.517544
60.000000 -0.908652 14.735222 -1.471433
61
0.000000 0.032418 0.422161 0.041966
1.000000 -0.059099 0.396849 0.004825
2.000000 -0.164911 0.365504 -0.035706
3.000000 -0.273266 0.331127 -0.075398
4.000000 -0.371984 0.296747 -0.109894
5.000000 -0.448661 0.265469 -0.134893
6.000000 -0.490892 0.240471 -0.146242
7.000000 -0.501389 0.230209 -0.142705
8.000000 -0.506776 0.243695 -0.130493
9.000000 -0.506495 0.273419 -0.113391
10.000000 -0.498962 0.311319 -0.094996
11.000000 -0.482933 0.349294 -0.078923
12.000000 -0.456561 0.379222 -0.068912
13.000000 -0.412185 0.392974 -0.068884
14.000000 -0.355899 0.393466 -0.082970
15.000000 -0.296353 0.403035 -0.111028
16.000000 -0.239564 0.447499 -0.142986
17.000000 -0.193947 0.548873 -0.180269
18.000000 -0.165876 0.637505 -0.220254
19.000000 -0.159123 0.660679 -0.255937
20.000000 -0.176611 0.676038 -0.289826
21.000000 -0.208046 0.689509 -0.321387
22.000000 -0.242241 0.701109 -0.349501
23.000000 -0.267966 0.710898 -0.373012
24.000000 -0.274723 0.718966 -0.390758
25.000000 -0.266721 0.725408 -0.401581
26.000000 -0.248844 0.730291 -0.404350
27.000000 -0.223037 0.733618 -0.397978
28.000000 -0.191368 0.735286 -0.381497
29.000000 -0.157316 0.734697 -0.357393
30.000000 -0.126273 0.730790 -0.332799
31.000000 -0.102961 0.720900 -0.314628
32.000000 -0.090479 0.697859 -0.308803
33.000000 -0.102281 0.663490 -0.325657
34.000000 -0.129263 0.622913 -0.352693
35.000000 -0.156908 0.581662 -0.372317
36.000000 -0.174157 0.544617 -0.369280
37.000000 -0.176462 0.514311 -0.353679
38.000000 -0.164132 0.493681 -0.335683
39.000000 -0.146669 0.486543 -0.316736
40.000000 -0.126299 0.493967 -0.297741
41.000000 -0.103620 0.512661 -0.279066
42.000000 -0.079498 0.538926 -0.261240
43.000000 -0.055465 0.575434 -0.245361
44.000000 -0.034363 0.642003 -0.234073
45.000000 -0.016596 0.693194 -0.225245
46.000000 -0.004235 0.694900 -0.223592
47.000000 -0.002702 0.666256 -0.235609
48.000000 -0.015071 0.602531 -0.242791
49.000000 -0.033779 0.519958 -0.232562
50.000000 -0.053747 0.437448 -0.203984
51.000000 -0.069757 0.372716 -0.175165
52.000000 -0.070882 0.334659 -0.146807
53.000000 -0.058719 0.322873 -0.118074
54.000000 -0.040083 0.327073 -0.088267
55.000000 -0.015056 0.341071 -0.057339
56.000000 0.015543 0.358564 -0.025476
57.000000 0.050057 0.373187 0.006898
58.000000 0.085931 0.378578 0.039034
59.000000 0.120092 0.373105 0.069977
60.000000 0.150294 0.364035 0.099073
"pelvis"
""
8 0.000000 0.000000 0.000000 0.000000 0.000000 0.000000
61
0.000000 0.000000 9.543243 0.000000
1.000000 0.000000 9.775611 0.000000
2.000000 0.000000 10.074719 0.000000
3.000000 0.000000 10.408066 0.000000
4.000000 -0.000001 10.743148 -0.000001
5.000000 -0.000001 11.047465 -0.000001
6.000000 0.000001 11.288514 0.000000
7.000000 0.000001 11.433794 0.000001
8.000000 0.000001 11.459169 0.000000
9.000000 -0.000001 11.414325 0.000000
10.000000 0.000001 11.324611 0.000000
11.000000 0.000000 11.203532 0.000001
12.000000 0.000000 11.064594 0.000002
13.000000 0.000001 10.921303 0.000000
14.000000 0.000000 10.787163 -0.000001
15.000000 0.000002 10.675679 -0.000001
16.000000 -0.000001 10.600356 0.000001
17.000000 -0.000001 10.574699 0.000000
18.000000 -0.000002 10.612215 -0.000001
19.000000 0.000000 10.726408 0.000000
20.000000 0.000001 10.924070 -0.000001
21.000000 0.000002 11.124774 -0.000002
22.000000 0.000001 11.294322 -0.000001
23.000000 0.000000 11.423695 0.000002
24.000000 -0.000001 11.503873 -0.000002
25.000000 0.000001 11.525837 0.000001
26.000000 0.000002 11.480569 0.000000
27.000000 0.000001 11.362173 -0.000001
28.000000 -0.000002 11.192647 0.000002
29.000000 -0.000001 11.006295 0.000002
30.000000 0.000001 10.837245 -0.000001
31.000000 -0.000001 10.719621 0.000000
32.000000 0.000001 10.687550 0.000003
33.000000 0.000000 10.775159 0.000002
34.000000 0.000001 10.954919 -0.000002
35.000000 0.000005 11.138552 0.000001
36.000000 0.000000 11.310620 0.000001
37.000000 -0.000003 11.456553 0.000001
38.000000 0.000001 11.561772 -0.000002
39.000000 -0.000002 11.611712 -0.000001
40.000000 0.000003 11.591793 -0.000005
41.000000 0.000003 11.487446 0.000002
42.000000 0.000000 11.310501 -0.000002
43.000000 0.000002 11.120079 0.000000
44.000000 0.000003 10.944563 -0.000002
45.000000 -0.000002 10.811320 -0.000002
46.000000 -0.000001 10.747719 0.000000
47.000000 0.000001 10.781128 -0.000001
48.000000 -0.000001 10.938093 -0.000001
49.000000 -0.000002 11.141763 0.000003
50.000000 0.000002 11.322020 -0.000003
51.000000 0.000001 11.470531 0.000002
52.000000 0.000003 11.578959 -0.000001
53.000000 0.000003 11.638968 0.000005
54.000000 0.000000 11.642221 0.000001
55.000000 -0.000001 11.580384 0.000005
56.000000 0.000003 11.445148 0.000003
57.000000 -0.000001 11.259818 0.000004
58.000000 0.000002 11.067483 -0.000004
59.000000 -0.000002 10.894172 0.000005
60.000000 0.000000 10.765911 0.000004
61
0.000000 -0.537664 0.002364 0.236734
1.000000 -0.535410 0.001758 0.243516
2.000000 -0.521166 0.001151 0.250661
3.000000 -0.477733 0.000566 0.258070
4.000000 -0.419184 0.000035 0.265657
5.000000 -0.361832 -0.000402 0.273342
6.000000 -0.321805 -0.000695 0.281045
7.000000 -0.302399 -0.000962 0.288652
8.000000 -0.282769 -0.001560 0.295963
9.000000 -0.262212 -0.002488 0.302784
10.000000 -0.241001 -0.003719 0.308902
11.000000 -0.219461 -0.005204 0.314110
12.000000 -0.197983 -0.006872 0.318225
13.000000 -0.176997 -0.008641 0.321111
14.000000 -0.156979 -0.010410 0.322687
15.000000 -0.138369 -0.012096 0.323189
16.000000 -0.121466 -0.013663 0.323421
17.000000 -0.106659 -0.015057 0.323612
18.000000 -0.094344 -0.016217 0.323984
19.000000 -0.084486 -0.017158 0.324629
20.000000 -0.075964 -0.018043 0.325227
21.000000 -0.068745 -0.018878 0.325787
22.000000 -0.061695 -0.019653 0.326349
23.000000 -0.053736 -0.020359 0.326961
24.000000 -0.045096 -0.020992 0.327665
25.000000 -0.036006 -0.021538 0.328508
26.000000 -0.026692 -0.021992 0.329535
27.000000 -0.017387 -0.022344 0.330790
28.000000 -0.008323 -0.022586 0.332312
29.000000 0.000265 -0.022706 0.334136
30.000000 0.008141 -0.022689 0.336293
31.000000 0.014435 -0.022431 0.339062
32.000000 0.016598 -0.021565 0.343325
33.000000 0.015232 -0.020151 0.348528
34.000000 0.011363 -0.018328 0.353981
35.000000 0.006006 -0.016276 0.359119
36.000000 -0.000045 -0.014224 0.363561
37.000000 -0.005576 -0.012438 0.367111
38.000000 -0.009287 -0.011204 0.369718
39.000000 -0.009864 -0.010811 0.371369
40.000000 -0.007108 -0.011335 0.372119
41.000000 -0.002514 -0.012523 0.372130
42.000000 0.002278 -0.014086 0.371545
43.000000 0.005624 -0.015734 0.370589
44.000000 0.005880 -0.017193 0.369639
45.000000 0.001417 -0.018206 0.369203
46.000000 -0.009398 -0.018520 0.369852
47.000000 -0.028949 -0.017741 0.372269
48.000000 -0.062072 -0.014964 0.377276
49.000000 -0.105263 -0.010685 0.382761
50.000000 -0.151711 -0.005846 0.386837
51.000000 -0.192183 -0.001582 0.389007
52.000000 -0.221112 0.000920 0.390060
53.000000 -0.238204 0.001527 0.390997
54.000000 -0.247653 0.001006 0.392036
55.000000 -0.252040 -0.000180 0.393067
56.000000 -0.253971 -0.001566 0.393982
57.000000 -0.256074 -0.002672 0.394828
58.000000 -0.261018 -0.003004 0.395221
59.000000 -0.269777 -0.002385 0.391008
60.000000 -0.279729 -0.001399 0.376668
"r lower arm"
""
8 0.000000 0.000000 0.000000 0.000000 0.000000 0.000000
61
0.000000 -1.935733 8.504022 -1.997946
1.000000 -2.395601 8.789302 -1.874744
2.000000 -2.990613 9.208244 -1.568042
3.000000 -3.666108 9.857260 -1.221212
4.000000 -4.317235 10.801643 -0.953511
5.000000 -4.807011 11.951196 -0.792936
6.000000 -5.038221 13.124933 -0.733226
7.000000 -5.026519 14.102184 -0.709502
8.000000 -4.894622 14.702397 -0.586916
9.000000 -4.784849 14.893975 -0.351338
10.000000 -4.768077 14.671160 -0.066921
11.000000 -4.787144 14.095303 0.188703
12.000000 -4.728465 13.299944 0.348909
13.000000 -4.541903 12.382860 0.258821
14.000000 -4.223000 11.531075 -0.076682
15.000000 -3.835052 10.893977 -0.581409
16.000000 -3.474394 10.542338 -1.146864
17.000000 -3.260955 10.482194 -1.646728
18.000000 -3.221700 10.622615 -1.974433
19.000000 -3.293611 10.816001 -2.047224
20.000000 -3.429088 10.998229 -1.873447
21.000000 -3.566257 11.159460 -1.613815
22.000000 -3.648803 11.273759 -1.346128
23.000000 -3.661625 11.333569 -1.130039
24.000000 -3.621877 11.349566 -1.001630
25.000000 -3.559497 11.325831 -0.980848
26.000000 -3.505041 11.267519 -1.073340
27.000000 -3.492705 11.202471 -1.304137
28.000000 -3.557220 11.214405 -1.681834
29.000000 -3.645584 11.353099 -2.129646
30.000000 -3.658869 11.636389 -2.591343
31.000000 -3.516577 12.068043 -3.021142
32.000000 -3.373566 12.310210 -3.217436
33.000000 -3.552948 11.959879 -2.987196
34.000000 -3.659421 11.780503 -2.740980
35.000000 -3.723111 11.682855 -2.498145
36.000000 -3.773766 11.659326 -2.282243
37.000000 -3.810447 11.681737 -2.121461
38.000000 -3.835478 11.719654 -2.027187
39.000000 -3.867169 11.751909 -1.985475
40.000000 -3.913240 11.743689 -1.958857
41.000000 -3.964411 11.684698 -1.967876
42.000000 -4.011592 11.622679 -2.067884
43.000000 -4.031318 11.660554 -2.291131
44.000000 -3.958334 11.840181 -2.618314
45.000000 -3.571867 12.394208 -3.134370
46.000000 -3.616951 12.357585 -3.122308
47.000000 -3.626323 12.392587 -3.162721
48.000000 -3.757271 12.293434 -3.129780
49.000000 -4.055399 12.055850 -2.866921
50.000000 -4.194950 12.068017 -2.768732
51.000000 -4.269843 12.155074 -2.750731
52.000000 -4.277833 12.225767 -2.791991
53.000000 -4.193462 12.208898 -2.899426
54.000000 -3.986340 12.102908 -3.096775
55.000000 -3.679162 11.944458 -3.340995
56.000000 -3.332920 11.781190 -3.602925
57.000000 -2.990337 11.656609 -3.851148
58.000000 -2.599916 11.752526 -4.183645
59.000000 -2.401018 11.479358 -4.173042
60.000000 -2.334242 11.050006 -3.854751
61
0.000000 0.678253 -0.421903 -0.012450
1.000000 0.675871 -0.352212 -0.139743
2.000000 0.787788 -0.361087 -0.305121
3.000000 0.946613 -0.426683 -0.511836
4.000000 1.095706 -0.532372 -0.759255
5.000000 1.216632 -0.656205 -1.027909
6.000000 1.312094 -0.785663 -1.297407
7.000000 1.400758 -0.893668 -1.533926
8.000000 1.468701 -0.929167 -1.672969
9.000000 1.516113 -0.885620 -1.688667
10.000000 1.569350 -0.787990 -1.599006
11.000000 1.622191 -0.665422 -1.437069
12.000000 1.645018 -0.540984 -1.238097
13.000000 1.670479 -0.389465 -1.046671
14.000000 1.688295 -0.224326 -0.867475
15.000000 1.694373 -0.062754 -0.695640
16.000000 1.672047 0.060715 -0.534196
17.000000 1.624973 0.124043 -0.422441
18.000000 1.575092 0.134982 -0.387112
19.000000 1.586516 0.127712 -0.405812
20.000000 1.701233 0.115341 -0.450400
21.000000 1.847634 0.112951 -0.492659
22.000000 1.998368 0.131165 -0.510279
23.000000 2.142946 0.169124 -0.501813
24.000000 2.264909 0.215380 -0.477668
25.000000 2.346245 0.254208 -0.447084
26.000000 2.360964 0.266366 -0.420072
27.000000 2.287142 0.252698 -0.408796
28.000000 2.143164 0.248096 -0.424461
29.000000 1.939058 0.241489 -0.469159
30.000000 1.685561 0.232123 -0.525472
31.000000 1.390647 0.222226 -0.571690
32.000000 1.260341 0.207707 -0.595757
33.000000 1.554148 0.189406 -0.602905
34.000000 1.814587 0.168335 -0.602133
35.000000 2.045723 0.143910 -0.603414
36.000000 2.242203 0.115255 -0.614777
37.000000 2.396239 0.086339 -0.627940
38.000000 2.486356 0.065376 -0.637316
39.000000 2.483458 0.064074 -0.643245
40.000000 2.407899 0.076783 -0.648710
41.000000 2.272788 0.094180 -0.656535
42.000000 2.086926 0.112068 -0.672601
43.000000 1.858972 0.131049 -0.700066
44.000000 1.576417 0.148453 -0.729887
45.000000 1.101144 0.169943 -0.741038
46.000000 1.103274 0.186796 -0.743824
47.000000 1.104119 0.185891 -0.754836
48.000000 1.282015 0.152427 -0.787718
49.000000 1.673681 0.097782 -0.843668
50.000000 1.942337 0.042113 -0.906133
51.000000 2.161986 0.002867 -0.955926
52.000000 2.329301 -0.005889 -0.969340
53.000000 2.414084 0.009561 -0.929635
54.000000 2.382458 0.026120 -0.842274
55.000000 2.244969 0.037674 -0.722875
56.000000 2.028967 0.043375 -0.596289
57.000000 1.721347 0.032417 -0.491167
58.000000 1.252047 -0.000649 -0.426689
59.000000 1.013736 -0.074406 -0.418928
60.000000 0.913441 -0.203138 -0.454646
"r foot"
""
8 0.000000 0.000000 0.000000 0.000000 0.000000 0.000000
61
0.000000 1.084579 1.282903 1.058790
1.000000 1.000622 1.509784 1.048105
2.000000 0.950133 1.707201 0.998805
3.000000 0.951178 1.901335 0.955513
4.000000 1.010581 2.118369 0.962048
5.000000 1.037197 2.384485 1.064188
6.000000 1.004929 2.725865 1.310884
7.000000 0.908045 3.157077 1.649982
8.000000 0.752850 3.546639 1.884824
9.000000 0.581916 3.672065 2.007336
10.000000 0.417588 3.456782 2.023344
11.000000 0.271433 3.043375 1.938442
12.000000 0.154950 2.570407 1.768517
13.000000 0.097774 2.176286 1.627895
14.000000 0.136565 1.913451 1.520465
15.000000 0.277233 1.745106 1.421039
16.000000 0.497301 1.658921 1.311767
17.000000 0.703314 1.642564 1.199548
18.000000 0.864579 1.683707 1.082526
19.000000 0.987735 1.770023 0.948154
20.000000 1.069615 1.889180 0.788693
21.000000 1.129136 2.028846 0.672761
22.000000 1.170685 2.176693 0.620506
23.000000 1.192755 2.320392 0.634963
24.000000 1.201798 2.447612 0.740517
25.000000 1.160891 2.546026 0.853079
26.000000 1.053513 2.549677 0.946178
27.000000 0.886720 2.421931 1.024637
28.000000 0.721161 2.212153 1.070370
29.000000 0.598080 1.969848 1.072841
30.000000 0.568052 1.744523 1.018723
31.000000 0.669336 1.585678 0.902753
32.000000 0.825725 1.540900 0.771499
33.000000 0.984189 1.593555 0.659626
34.000000 1.089182 1.707638 0.572272
35.000000 1.090455 1.860858 0.504559
36.000000 1.015016 2.030925 0.510751
37.000000 0.881605 2.195546 0.573598
38.000000 0.708535 2.332431 0.671299
39.000000 0.519231 2.419292 0.788375
40.000000 0.338713 2.433835 0.915526
41.000000 0.188671 2.353772 1.044537
42.000000 0.087942 2.185923 1.162278
43.000000 0.048583 1.991560 1.251304
44.000000 0.062507 1.799917 1.295292
45.000000 0.139146 1.639135 1.281522
46.000000 0.257022 1.537352 1.227685
47.000000 0.338082 1.522708 1.175283
48.000000 0.372697 1.622749 1.148994
49.000000 0.376887 1.786453 1.162430
50.000000 0.363185 1.955410 1.211051
51.000000 0.344237 2.113439 1.275984
52.000000 0.339230 2.244360 1.376038
53.000000 0.355255 2.331991 1.450366
54.000000 0.384318 2.360151 1.458266
55.000000 0.418036 2.312659 1.447364
56.000000 0.447886 2.173394 1.425702
57.000000 0.487371 1.988696 1.397797
58.000000 0.525569 1.818346 1.369040
59.000000 0.529475 1.676793 1.344520
60.000000 0.477933 1.578474 1.323089
61
0.000000 -0.312049 0.346883 -0.051939
1.000000 -0.295892 0.321825 0.037312
2.000000 -0.294266 0.295180 0.128325
3.000000 -0.319449 0.267518 0.208837
4.000000 -0.399347 0.239738 0.266451
5.000000 -0.513905 0.213206 0.288824
6.000000 -0.641596 0.189508 0.260179
7.000000 -0.758608 0.183132 0.193341
8.000000 -0.840220 0.210739 0.113059
9.000000 -0.864089 0.248094 0.043418
10.000000 -0.835175 0.269616 0.009017
11.000000 -0.772125 0.255963 0.011549
12.000000 -0.686710 0.217285 0.005923
13.000000 -0.588171 0.168728 -0.007163
14.000000 -0.485180 0.125135 -0.024329
15.000000 -0.385999 0.101350 -0.042406
16.000000 -0.298452 0.109391 -0.058676
17.000000 -0.229937 0.127668 -0.070136
18.000000 -0.179547 0.147392 -0.046893
19.000000 -0.151448 0.167267 0.020301
20.000000 -0.152402 0.188096 0.107511
21.000000 -0.180589 0.208948 0.190463
22.000000 -0.234936 0.231287 0.244338
23.000000 -0.311370 0.257219 0.254359
24.000000 -0.391860 0.284411 0.245795
25.000000 -0.464212 0.311289 0.225517
26.000000 -0.516856 0.336371 0.197924
27.000000 -0.535246 0.358220 0.167646
28.000000 -0.509695 0.370353 0.139273
29.000000 -0.457080 0.299518 0.114661
30.000000 -0.395631 0.207039 0.097236
31.000000 -0.345894 0.176829 0.086709
32.000000 -0.326536 0.154175 0.084767
33.000000 -0.329555 0.129681 0.095206
34.000000 -0.340277 0.104694 0.131633
35.000000 -0.356357 0.080779 0.192578
36.000000 -0.380573 0.061031 0.249021
37.000000 -0.410735 0.049013 0.271524
38.000000 -0.438167 0.051249 0.252815
39.000000 -0.453151 0.074315 0.220277
40.000000 -0.464976 0.114129 0.177786
41.000000 -0.472747 0.162076 0.128677
42.000000 -0.472899 0.209082 0.076225
43.000000 -0.460860 0.245750 0.023868
44.000000 -0.430880 0.265319 -0.024428
45.000000 -0.389942 0.268518 -0.064284
46.000000 -0.351622 0.257061 -0.091411
47.000000 -0.324544 0.230875 -0.098678
48.000000 -0.315892 0.183438 -0.066594
49.000000 -0.326615 0.129698 -0.009465
50.000000 -0.350982 0.089502 0.053720
51.000000 -0.385455 0.083845 0.104600
52.000000 -0.419789 0.128818 0.124531
53.000000 -0.445100 0.214147 0.119332
54.000000 -0.457911 0.316786 0.104330
55.000000 -0.453723 0.418074 0.081868
56.000000 -0.420895 0.499300 0.053732
57.000000 -0.370663 0.541673 0.021639
58.000000 -0.318351 0.535214 -0.012000
59.000000 -0.278293 0.502615 -0.044115
60.000000 -0.265559 0.461494 -0.072114
"r hand"
""
8 0.000000 0.000000 0.000000 0.000000 0.000000 0.000000
61
0.000000 -1.501676 6.877559 -3.225940
1.000000 -2.259057 7.130068 -3.127764
2.000000 -3.013366 7.675886 -2.979820
3.000000 -3.722569 8.493619 -2.795715
4.000000 -4.346298 9.516613 -2.593514
5.000000 -4.845776 10.618221 -2.394008
6.000000 -5.183401 11.670753 -2.218501
7.000000 -5.321482 12.546518 -2.063998
8.000000 -5.269339 13.126204 -1.897242
9.000000 -5.080370 13.364510 -1.735231
10.000000 -4.810780 13.258291 -1.597846
11.000000 -4.519112 12.906393 -1.501389
12.000000 -4.257971 12.411552 -1.476237
13.000000 -4.009704 11.876513 -1.691085
14.000000 -3.795044 11.404013 -2.111989
15.000000 -3.638772 11.064622 -2.648801
16.000000 -3.551293 10.832522 -3.208815
17.000000 -3.529276 10.726595 -3.698563
18.000000 -3.558815 10.769901 -4.025389
19.000000 -3.604786 10.985511 -4.100562
20.000000 -3.604068 11.383808 -3.913660
21.000000 -3.573336 11.809241 -3.593585
22.000000 -3.519787 12.191004 -3.212615
23.000000 -3.454045 12.505535 -2.840350
24.000000 -3.389988 12.729274 -2.545776
25.000000 -3.343630 12.838669 -2.397351
26.000000 -3.331753 12.810158 -2.463302
27.000000 -3.388013 12.647003 -2.802177
28.000000 -3.562482 12.454309 -3.356461
29.000000 -3.797524 12.270531 -3.994317
30.000000 -4.025210 12.124587 -4.583633
31.000000 -4.170472 12.045396 -4.999442
32.000000 -4.140326 12.061876 -5.138937
33.000000 -3.966835 12.202943 -5.014849
34.000000 -3.725484 12.435863 -4.717819
35.000000 -3.473501 12.667148 -4.317655
36.000000 -3.251588 12.876153 -3.891100
37.000000 -3.081450 13.043095 -3.520399
38.000000 -2.990707 13.148192 -3.287107
39.000000 -3.015084 13.171667 -3.250385
40.000000 -3.134488 13.093736 -3.341852
41.000000 -3.331926 12.894616 -3.541985
42.000000 -3.598507 12.607338 -3.857175
43.000000 -3.916538 12.337700 -4.258377
44.000000 -4.245056 12.112659 -4.664116
45.000000 -4.503722 11.969999 -4.949157
46.000000 -4.570044 11.959807 -4.932045
47.000000 -4.581574 12.005450 -4.973627
48.000000 -4.452764 12.152011 -5.088874
49.000000 -4.088412 12.414869 -4.919182
50.000000 -3.704768 12.668112 -4.702992
51.000000 -3.375802 12.900754 -4.478854
52.000000 -3.142068 13.101666 -4.303477
53.000000 -3.008177 13.220382 -4.282813
54.000000 -2.943152 13.202315 -4.526748
55.000000 -2.931540 13.018096 -4.962760
56.000000 -2.955809 12.638288 -5.464356
57.000000 -2.979739 12.005236 -5.905438
58.000000 -2.949172 11.194839 -6.160704
59.000000 -2.809225 10.456466 -5.941888
60.000000 -2.671880 9.799328 -5.486794
61
0.000000 0.888990 1.158913 0.849011
1.000000 0.738928 1.111295 1.101816
2.000000 0.577515 0.981911 1.152122
3.000000 0.379214 0.792192 1.016516
4.000000 0.153836 0.558769 0.760468
5.000000 -0.084375 0.290042 0.461781
6.000000 -0.320963 -0.009860 0.197988
7.000000 -0.541956 -0.330917 0.041803
8.000000 -0.735017 -0.669720 0.051922
9.000000 -0.874682 -1.117000 0.183752
10.000000 1.721035 -1.480047 -2.284364
11.000000 1.920207 -0.896182 -2.260278
12.000000 1.886357 -0.299537 -1.952242
13.000000 1.860513 0.255605 -1.661441
14.000000 1.848132 0.752066 -1.195992
15.000000 1.963776 1.098139 -0.577143
16.000000 2.154550 1.176252 -0.269365
17.000000 2.096684 1.147873 -0.696790
18.000000 2.092893 1.080934 -1.103155
19.000000 2.242981 1.094017 -1.040952
20.000000 2.448910 1.134498 -0.841890
21.000000 2.722274 1.180728 -0.538894
22.000000 3.071559 1.212415 -0.139536
23.000000 -2.831349 1.212251 0.297064
24.000000 -2.503728 1.182116 0.673877
25.000000 -2.268310 1.141931 0.937434
26.000000 -2.116424 1.113592 1.081236
27.000000 -2.043744 1.119841 1.076117
28.000000 -2.127041 1.177416 0.831662
29.000000 -2.850582 1.237967 0.351072
30.000000 2.535326 1.244299 -0.245255
31.000000 2.236414 1.202920 -0.671764
32.000000 2.278970 1.170278 -0.796336
33.000000 2.528113 1.174051 -0.610168
34.000000 2.888698 1.174812 -0.245658
35.000000 -3.056914 1.149583 0.099052
36.000000 -2.836119 1.117670 0.264978
37.000000 -2.699944 1.092867 0.350910
38.000000 -2.643852 1.077875 0.420447
39.000000 -2.697989 1.076859 0.459375
40.000000 -2.898051 1.091283 0.449384
41.000000 3.070680 1.118957 0.360515
42.000000 2.637327 1.156113 0.064020
43.000000 2.079657 1.165340 -0.527858
44.000000 1.608578 1.111689 -1.118982
45.000000 1.382107 1.049411 -1.463900
46.000000 1.361445 1.027538 -1.565235
47.000000 1.465632 1.019463 -1.579765
48.000000 1.690803 1.019968 -1.502433
49.000000 1.994523 1.017563 -1.356419
50.000000 2.321000 1.002378 -1.177141
51.000000 2.613026 0.975380 -1.001708
52.000000 2.826502 0.949470 -0.850867
53.000000 2.934491 0.929783 -0.261156
54.000000 2.969702 0.925907 -0.142400
55.000000 2.898708 0.923973 -0.127148
56.000000 2.615342 0.873245 -0.144097
57.000000 2.173274 0.774940 -0.181272
58.000000 1.666114 0.645389 -0.225810
59.000000 1.187089 0.505866 -0.266147
60.000000 0.826369 0.386264 -0.292815
"r leg"
""
8 0.000000 0.000000 0.000000 0.000000 0.000000 0.000000
61
0.000000 -0.165089 4.690805 -0.657956
1.000000 -0.260891 4.913291 -0.668701
2.000000 -0.305418 5.163058 -0.614679
3.000000 -0.281866 5.413308 -0.550588
4.000000 -0.189554 5.661823 -0.496138
5.000000 -0.107496 5.905813 -0.489070
6.000000 -0.069653 6.125656 -0.535569
7.000000 -0.088997 6.293010 -0.651000
8.000000 -0.185003 6.358829 -0.823441
9.000000 -0.306847 6.312063 -0.884584
10.000000 -0.407748 6.171324 -0.817917
11.000000 -0.459972 5.982771 -0.697406
12.000000 -0.450339 5.777916 -0.569903
13.000000 -0.401760 5.577279 -0.447293
14.000000 -0.328201 5.411433 -0.395471
15.000000 -0.225593 5.287528 -0.401350
16.000000 -0.102024 5.216113 -0.451719
17.000000 0.003960 5.203170 -0.519657
18.000000 0.077993 5.253054 -0.579924
19.000000 0.124918 5.370099 -0.606737
20.000000 0.157895 5.553801 -0.575860
21.000000 0.179040 5.738747 -0.534151
22.000000 0.182198 5.898570 -0.516694
23.000000 0.163427 6.023523 -0.526931
24.000000 0.128852 6.099502 -0.538225
25.000000 0.058223 6.125366 -0.594378
26.000000 -0.028735 6.079142 -0.633158
27.000000 -0.111165 5.947259 -0.618218
28.000000 -0.169362 5.761291 -0.582892
29.000000 -0.199880 5.558675 -0.541556
30.000000 -0.187389 5.377864 -0.514518
31.000000 -0.114094 5.257823 -0.520019
32.000000 -0.008055 5.235908 -0.560571
33.000000 0.126983 5.327370 -0.543086
34.000000 0.248104 5.498393 -0.450205
35.000000 0.285230 5.681759 -0.430865
36.000000 0.263210 5.856203 -0.450872
37.000000 0.198745 6.006065 -0.492392
38.000000 0.104439 6.114485 -0.534450
39.000000 -0.007724 6.164393 -0.560413
40.000000 -0.122422 6.139765 -0.559644
41.000000 -0.219169 6.025949 -0.527556
42.000000 -0.279932 5.836024 -0.469935
43.000000 -0.300088 5.632630 -0.405116
44.000000 -0.285406 5.446888 -0.348254
45.000000 -0.233705 5.307769 -0.307439
46.000000 -0.154541 5.241481 -0.266547
47.000000 -0.081008 5.272681 -0.197583
48.000000 -0.014342 5.427526 -0.074347
49.000000 0.029827 5.634631 0.069833
50.000000 0.046563 5.826141 0.191308
51.000000 0.044910 5.989548 0.271558
52.000000 0.032564 6.109943 0.333967
53.000000 0.013618 6.178611 0.350600
54.000000 -0.011401 6.189109 0.315820
55.000000 -0.038029 6.130493 0.290281
56.000000 -0.056893 5.993833 0.297812
57.000000 -0.063499 5.809229 0.292015
58.000000 -0.070540 5.625158 0.239649
59.000000 -0.094098 5.466557 0.173395
60.000000 -0.150838 5.356307 0.116722
61
0.000000 -0.459544 0.281828 0.214100
1.000000 -0.464340 0.313001 0.201271
2.000000 -0.438892 0.341921 0.191663
3.000000 -0.409977 0.356091 0.186574
4.000000 -0.394120 0.342959 0.186935
5.000000 -0.415718 0.304204 0.182214
6.000000 -0.493300 0.253851 0.171371
7.000000 -0.624652 0.212474 0.156403
8.000000 -0.757536 0.201449 0.134225
9.000000 -0.825550 0.208122 0.103694
10.000000 -0.808924 0.217957 0.071509
11.000000 -0.736314 0.221308 0.046812
12.000000 -0.635922 0.208984 0.033989
13.000000 -0.552182 0.187499 0.031045
14.000000 -0.503375 0.167375 0.040227
15.000000 -0.475461 0.154141 0.061779
16.000000 -0.458525 0.150282 0.092820
17.000000 -0.446192 0.151360 0.121615
18.000000 -0.430941 0.159023 0.143891
19.000000 -0.402515 0.176419 0.160282
20.000000 -0.352254 0.198710 0.171010
21.000000 -0.311693 0.224847 0.178564
22.000000 -0.295102 0.252821 0.183227
23.000000 -0.304083 0.279980 0.184085
24.000000 -0.338510 0.303655 0.180296
25.000000 -0.387889 0.320754 0.170087
26.000000 -0.426633 0.327466 0.151686
27.000000 -0.444090 0.321320 0.126033
28.000000 -0.444710 0.305854 0.102680
29.000000 -0.431453 0.291609 0.086591
30.000000 -0.407329 0.283866 0.084167
31.000000 -0.375977 0.281087 0.100564
32.000000 -0.349355 0.267035 0.125578
33.000000 -0.311401 0.235868 0.150141
34.000000 -0.260918 0.196889 0.165787
35.000000 -0.236733 0.166515 0.167428
36.000000 -0.242705 0.145048 0.158021
37.000000 -0.269397 0.132826 0.140520
38.000000 -0.305916 0.129883 0.117255
39.000000 -0.344163 0.136374 0.090826
40.000000 -0.378911 0.149628 0.064208
41.000000 -0.406223 0.162511 0.040788
42.000000 -0.423345 0.169532 0.024211
43.000000 -0.430249 0.171804 0.016809
44.000000 -0.426521 0.169941 0.018050
45.000000 -0.411103 0.165800 0.029114
46.000000 -0.384624 0.158115 0.046684
47.000000 -0.350724 0.138728 0.060472
48.000000 -0.309436 0.099767 0.069348
49.000000 -0.274281 0.056479 0.073954
50.000000 -0.255101 0.024421 0.075201
51.000000 -0.251094 0.010260 0.074418
52.000000 -0.260856 0.024286 0.072637
53.000000 -0.276270 0.064039 0.070318
54.000000 -0.288786 0.116651 0.068196
55.000000 -0.295118 0.172914 0.066307
56.000000 -0.290470 0.223796 0.064696
57.000000 -0.287421 0.262518 0.066142
58.000000 -0.295465 0.282276 0.070217
59.000000 -0.307357 0.288187 0.072563
60.000000 -0.317472 0.293158 0.069697
"r thigh"
""
8 0.000000 0.000000 0.000000 0.000000 0.000000 0.000000
61
0.000000 -0.520719 8.406729 0.868626
1.000000 -0.513043 8.633570 0.865940
2.000000 -0.502365 8.917074 0.851358
3.000000 -0.485097 9.211802 0.806821
4.000000 -0.464498 9.499302 0.744589
5.000000 -0.444171 9.760618 0.681221
6.000000 -0.427089 9.972896 0.635662
7.000000 -0.413760 10.103295 0.613107
8.000000 -0.400888 10.114273 0.589800
9.000000 -0.388623 10.055220 0.564916
10.000000 -0.377298 9.951771 0.538775
11.000000 -0.367258 9.817709 0.511801
12.000000 -0.358813 9.666801 0.484514
13.000000 -0.352218 9.512780 0.457526
14.000000 -0.347655 9.369331 0.431527
15.000000 -0.344834 9.249977 0.407168
16.000000 -0.342655 9.167955 0.384890
17.000000 -0.340806 9.136729 0.365263
18.000000 -0.338989 9.169753 0.348878
19.000000 -0.337048 9.280372 0.335710
20.000000 -0.335345 9.475025 0.324245
21.000000 -0.333854 9.673227 0.314446
22.000000 -0.332367 9.840398 0.304894
23.000000 -0.330682 9.967189 0.294223
24.000000 -0.328769 10.044659 0.282718
25.000000 -0.326585 10.063853 0.270686
26.000000 -0.324102 10.015816 0.258415
27.000000 -0.321284 9.894699 0.246211
28.000000 -0.318100 9.722544 0.234383
29.000000 -0.314509 9.533688 0.223240
30.000000 -0.310498 9.362286 0.213100
31.000000 -0.305716 9.242541 0.205180
32.000000 -0.299029 9.208811 0.203068
33.000000 -0.291199 9.295254 0.205932
34.000000 -0.283158 9.474360 0.212341
35.000000 -0.275669 9.657825 0.220851
36.000000 -0.269284 9.830148 0.230245
37.000000 -0.264213 9.976513 0.238755
38.000000 -0.260461 10.082006 0.244483
39.000000 -0.257992 10.131683 0.245532
40.000000 -0.256708 10.110893 0.241575
41.000000 -0.256476 10.005407 0.234749
42.000000 -0.257186 9.827434 0.227358
43.000000 -0.258599 9.636412 0.221766
44.000000 -0.260283 9.460971 0.220297
45.000000 -0.261621 9.328709 0.225259
46.000000 -0.261926 9.267303 0.238934
47.000000 -0.260477 9.304832 0.264620
48.000000 -0.256641 9.469774 0.309029
49.000000 -0.253506 9.686280 0.366923
50.000000 -0.253311 9.883451 0.428568
51.000000 -0.255595 10.049232 0.481567
52.000000 -0.258454 10.171251 0.518538
53.000000 -0.260255 10.239494 0.539508
54.000000 -0.261015 10.247126 0.550368
55.000000 -0.261111 10.187008 0.554666
56.000000 -0.260955 10.052228 0.555881
57.000000 -0.260806 9.867523 0.557516
58.000000 -0.261513 9.677574 0.563101
59.000000 -0.268975 9.510120 0.573923
60.000000 -0.290410 9.391444 0.586372
61
0.000000 0.396331 0.281828 0.214100
1.000000 0.402661 0.313001 0.201271
2.000000 0.387609 0.341921 0.191663
3.000000 0.359189 0.356091 0.186574
4.000000 0.325023 0.342960 0.186935
5.000000 0.301361 0.304204 0.182215
6.000000 0.296551 0.253851 0.171371
7.000000 0.316869 0.212474 0.156403
8.000000 0.354287 0.201449 0.134225
9.000000 0.363646 0.208122 0.103694
10.000000 0.339725 0.217957 0.071510
11.000000 0.301680 0.221308 0.046812
12.000000 0.261407 0.208984 0.033989
13.000000 0.222443 0.187499 0.031045
14.000000 0.202158 0.167375 0.040227
15.000000 0.197223 0.154141 0.061779
16.000000 0.204344 0.150282 0.092820
17.000000 0.216745 0.151360 0.121615
18.000000 0.228317 0.159023 0.143892
19.000000 0.232687 0.176419 0.160282
20.000000 0.223061 0.198710 0.171010
21.000000 0.211227 0.224847 0.178564
22.000000 0.205769 0.252821 0.183227
23.000000 0.207210 0.279981 0.184085
24.000000 0.208555 0.303655 0.180296
25.000000 0.221220 0.320754 0.170087
26.000000 0.228582 0.327466 0.151686
27.000000 0.220765 0.321320 0.126033
28.000000 0.207173 0.305854 0.102680
29.000000 0.192577 0.291609 0.086591
30.000000 0.182577 0.283866 0.084167
31.000000 0.181961 0.281087 0.100564
32.000000 0.191306 0.267035 0.125578
33.000000 0.186118 0.235868 0.150141
34.000000 0.162643 0.196889 0.165787
35.000000 0.159031 0.166515 0.167428
36.000000 0.165857 0.145048 0.158021
37.000000 0.178081 0.132826 0.140520
38.000000 0.189938 0.129883 0.117255
39.000000 0.196788 0.136374 0.090827
40.000000 0.195817 0.149628 0.064208
41.000000 0.186215 0.162511 0.040788
42.000000 0.169882 0.169532 0.024211
43.000000 0.152133 0.171804 0.016809
44.000000 0.137428 0.169941 0.018050
45.000000 0.128419 0.165800 0.029114
46.000000 0.121580 0.158115 0.046684
47.000000 0.110587 0.138728 0.060472
48.000000 0.090695 0.099767 0.069348
49.000000 0.069241 0.056479 0.073954
50.000000 0.054509 0.024421 0.075201
51.000000 0.047823 0.010260 0.074418
52.000000 0.041577 0.024286 0.072637
53.000000 0.042681 0.064039 0.070318
54.000000 0.054130 0.116651 0.068196
55.000000 0.062018 0.172914 0.066307
56.000000 0.061119 0.223796 0.064696
57.000000 0.063644 0.262518 0.066142
58.000000 0.078811 0.282276 0.070217
59.000000 0.098695 0.288187 0.072563
60.000000 0.116618 0.293158 0.069697
"r upper arm"
""
8 0.000000 0.000000 0.000000 0.000000 0.000000 0.000000
61
0.000000 -2.138604 11.528775 -1.587902
1.000000 -2.178466 11.812880 -1.463295
2.000000 -2.208750 12.158135 -1.348404
3.000000 -2.206442 12.547047 -1.262451
4.000000 -2.158131 12.956426 -1.217078
5.000000 -2.101868 13.334760 -1.178062
6.000000 -2.046484 13.645807 -1.136871
7.000000 -1.995872 13.856681 -1.087892
8.000000 -1.957496 13.942125 -1.020065
9.000000 -1.928379 13.950685 -0.941083
10.000000 -1.906319 13.906388 -0.858935
11.000000 -1.890696 13.821197 -0.781350
12.000000 -1.882004 13.706437 -0.718423
13.000000 -1.880175 13.570790 -0.694660
14.000000 -1.894067 13.425041 -0.701082
15.000000 -1.924304 13.286652 -0.719215
16.000000 -1.968092 13.176781 -0.725297
17.000000 -2.019331 13.117593 -0.702421
18.000000 -2.071657 13.128411 -0.643745
19.000000 -2.118525 13.222540 -0.564429
20.000000 -2.155441 13.406917 -0.476392
21.000000 -2.175675 13.603609 -0.399010
22.000000 -2.183604 13.773790 -0.348581
23.000000 -2.188222 13.901311 -0.332415
24.000000 -2.190955 13.978882 -0.333846
25.000000 -2.192200 13.997849 -0.347582
26.000000 -2.192246 13.949273 -0.370059
27.000000 -2.191465 13.827271 -0.397706
28.000000 -2.190349 13.653844 -0.426963
29.000000 -2.189519 13.463328 -0.454314
30.000000 -2.189758 13.289903 -0.476273
31.000000 -2.191129 13.167719 -0.493123
32.000000 -2.190721 13.130745 -0.518590
33.000000 -2.188734 13.212755 -0.552238
34.000000 -2.185693 13.386002 -0.591594
35.000000 -2.182060 13.562170 -0.634081
36.000000 -2.178355 13.725945 -0.677031
37.000000 -2.175275 13.862913 -0.717649
38.000000 -2.176107 13.958636 -0.746324
39.000000 -2.186975 13.998758 -0.746028
40.000000 -2.208054 13.968769 -0.715455
41.000000 -2.235240 13.854136 -0.663226
42.000000 -2.264279 13.666706 -0.598949
43.000000 -2.291785 13.465583 -0.532661
44.000000 -2.315557 13.279093 -0.474931
45.000000 -2.334422 13.134505 -0.436692
46.000000 -2.347571 13.059039 -0.429093
47.000000 -2.352498 13.079862 -0.467950
48.000000 -2.339821 13.223255 -0.583680
49.000000 -2.305905 13.411703 -0.753382
50.000000 -2.253087 13.574588 -0.941771
51.000000 -2.193713 13.703441 -1.113163
52.000000 -2.150009 13.789956 -1.235454
53.000000 -2.131970 13.826027 -1.307231
54.000000 -2.123019 13.806659 -1.358455
55.000000 -2.102303 13.729651 -1.413637
56.000000 -2.075879 13.582603 -1.469486
57.000000 -2.037052 13.397791 -1.522133
58.000000 -1.990526 13.216221 -1.567843
59.000000 -1.965329 13.052616 -1.586188
60.000000 -1.996886 12.962573 -1.491480
61
0.000000 0.212988 -0.418629 -0.010990
1.000000 0.208051 -0.348914 -0.138329
2.000000 0.141540 -0.356617 -0.303060
3.000000 0.051676 -0.420693 -0.508716
4.000000 -0.030772 -0.525107 -0.754903
5.000000 -0.086406 -0.648106 -1.022202
6.000000 -0.110100 -0.777133 -1.290098
7.000000 -0.116516 -0.884919 -1.524671
8.000000 -0.154075 -0.920040 -1.662530
9.000000 -0.225279 -0.875913 -1.678425
10.000000 -0.294329 -0.777740 -1.589456
11.000000 -0.337098 -0.654849 -1.428129
12.000000 -0.345283 -0.530352 -1.229706
13.000000 -0.274749 -0.379337 -1.038467
14.000000 -0.146571 -0.215150 -0.859278
15.000000 0.015731 -0.054810 -0.687429
16.000000 0.197134 0.067289 -0.526225
17.000000 0.373745 0.129312 -0.415098
18.000000 0.511459 0.139269 -0.380550
19.000000 0.567589 0.131620 -0.399370
20.000000 0.534997 0.119451 -0.442961
21.000000 0.468582 0.117350 -0.483881
22.000000 0.392369 0.135765 -0.500147
23.000000 0.324312 0.173741 -0.490446
24.000000 0.281173 0.219804 -0.465310
25.000000 0.270637 0.258317 -0.434088
26.000000 0.295436 0.270215 -0.406991
27.000000 0.366024 0.256393 -0.396364
28.000000 0.491886 0.251511 -0.413355
29.000000 0.653952 0.244465 -0.460182
30.000000 0.844162 0.234346 -0.519439
31.000000 1.062824 0.223217 -0.569326
32.000000 1.174065 0.207991 -0.595142
33.000000 0.998810 0.190860 -0.598879
34.000000 0.848669 0.170407 -0.595207
35.000000 0.719464 0.146183 -0.594140
36.000000 0.613286 0.117443 -0.603753
37.000000 0.535907 0.088282 -0.615744
38.000000 0.490535 0.067124 -0.624511
39.000000 0.475658 0.065944 -0.630408
40.000000 0.477377 0.079065 -0.636263
41.000000 0.500040 0.096987 -0.644926
42.000000 0.561450 0.115212 -0.662405
43.000000 0.675168 0.134056 -0.691973
44.000000 0.843064 0.150688 -0.724798
45.000000 1.159506 0.169752 -0.741448
46.000000 1.161629 0.186607 -0.744236
47.000000 1.162474 0.185701 -0.755248
48.000000 1.055096 0.153212 -0.786147
49.000000 0.824241 0.100116 -0.837758
50.000000 0.698874 0.044798 -0.897599
51.000000 0.623686 0.005324 -0.945541
52.000000 0.592641 -0.003980 -0.957786
53.000000 0.605850 0.010941 -0.917657
54.000000 0.662677 0.027306 -0.830704
55.000000 0.740093 0.039059 -0.712471
56.000000 0.830564 0.045060 -0.587791
57.000000 0.924073 0.034202 -0.485480
58.000000 1.084015 -0.000061 -0.425542
59.000000 1.072196 -0.074630 -0.419315
60.000000 0.971946 -0.203402 -0.455015
"neck"
""
8 0.000000 0.000000 0.000000 0.000000 0.000000 0.000000
61
0.000000 -0.872702 12.265875 -1.311015
1.000000 -0.916658 12.549168 -1.166283
2.000000 -0.948389 12.889718 -1.034132
3.000000 -0.947034 13.264733 -0.914151
4.000000 -0.901988 13.646413 -0.806572
5.000000 -0.845618 13.991156 -0.716037
6.000000 -0.786152 14.266436 -0.637998
7.000000 -0.726977 14.440921 -0.567258
8.000000 -0.672605 14.490791 -0.499957
9.000000 -0.622414 14.465949 -0.439635
10.000000 -0.577169 14.391870 -0.389722
11.000000 -0.539127 14.282116 -0.353205
12.000000 -0.511222 14.149931 -0.335325
13.000000 -0.495292 14.006875 -0.356398
14.000000 -0.502043 13.866186 -0.400823
15.000000 -0.531755 13.743472 -0.446063
16.000000 -0.579231 13.655667 -0.471865
17.000000 -0.637132 13.620411 -0.459126
18.000000 -0.697805 13.653061 -0.399270
19.000000 -0.753297 13.764468 -0.309556
20.000000 -0.796944 13.959580 -0.208923
21.000000 -0.820735 14.158800 -0.119028
22.000000 -0.830492 14.327492 -0.057039
23.000000 -0.837577 14.455302 -0.030185
24.000000 -0.843212 14.533997 -0.020909
25.000000 -0.847743 14.554675 -0.023743
26.000000 -0.851428 14.508263 -0.035054
27.000000 -0.854611 14.388740 -0.051203
28.000000 -0.857757 14.217980 -0.068569
29.000000 -0.861474 14.030195 -0.083565
30.000000 -0.866526 13.859437 -0.092630
31.000000 -0.873695 13.739720 -0.093532
32.000000 -0.883036 13.705003 -0.091180
33.000000 -0.894405 13.789332 -0.088814
34.000000 -0.907261 13.965242 -0.089021
35.000000 -0.920485 14.144701 -0.094104
36.000000 -0.932478 14.312675 -0.106041
37.000000 -0.941419 14.455024 -0.126465
38.000000 -0.947967 14.557110 -0.149672
39.000000 -0.955939 14.603863 -0.162167
40.000000 -0.965807 14.580710 -0.163330
41.000000 -0.976971 14.473067 -0.157087
42.000000 -0.988701 14.292731 -0.147857
43.000000 -1.000447 14.098760 -0.140202
44.000000 -1.011894 13.919436 -0.138901
45.000000 -1.022768 13.781988 -0.148900
46.000000 -1.032418 13.713604 -0.175303
47.000000 -1.038726 13.741422 -0.225390
48.000000 -1.035059 13.891699 -0.312996
49.000000 -1.016904 14.087022 -0.429479
50.000000 -0.984048 14.256734 -0.558746
51.000000 -0.943400 14.392212 -0.683276
52.000000 -0.909362 14.485013 -0.788037
53.000000 -0.890286 14.526907 -0.871937
54.000000 -0.877189 14.511935 -0.942534
55.000000 -0.855972 14.436409 -1.001757
56.000000 -0.830333 14.289419 -1.055341
57.000000 -0.785830 14.095832 -1.110217
58.000000 -0.723027 13.894737 -1.173440
59.000000 -0.672416 13.707128 -1.236209
60.000000 -0.673661 13.589454 -1.211143
61
0.000000 -0.272719 0.176697 0.217785
1.000000 -0.280491 0.120154 0.199970
2.000000 -0.292912 0.096425 0.178793
3.000000 -0.307939 0.074495 0.156126
4.000000 -0.323461 0.054061 0.133252
5.000000 -0.337241 0.034802 0.111424
6.000000 -0.346953 0.016406 0.091851
7.000000 -0.349931 0.002759 0.075701
8.000000 -0.343999 0.002623 0.064087
9.000000 -0.332510 0.015480 0.058099
10.000000 -0.317050 0.035443 0.054837
11.000000 -0.298505 0.058361 0.051747
12.000000 -0.277650 0.083785 0.048841
13.000000 -0.255241 0.111269 0.046125
14.000000 -0.232021 0.140364 0.043609
15.000000 -0.208714 0.170627 0.041292
16.000000 -0.186034 0.202212 0.039186
17.000000 -0.164677 0.239205 0.037339
18.000000 -0.145345 0.276764 0.035702
19.000000 -0.128711 0.309144 0.034210
20.000000 -0.115342 0.333969 0.032834
21.000000 -0.105946 0.345457 0.031511
22.000000 -0.099456 0.347801 0.030295
23.000000 -0.094187 0.349555 0.029293
24.000000 -0.090020 0.350581 0.028510
25.000000 -0.086843 0.350740 0.027950
26.000000 -0.084541 0.349887 0.027620
27.000000 -0.083007 0.347883 0.027522
28.000000 -0.082133 0.344587 0.027662
29.000000 -0.081815 0.339857 0.028045
30.000000 -0.081953 0.333552 0.028670
31.000000 -0.082512 0.323654 0.029524
32.000000 -0.083622 0.303268 0.030543
33.000000 -0.085138 0.275041 0.031764
34.000000 -0.086879 0.242730 0.033231
35.000000 -0.088653 0.210097 0.034986
36.000000 -0.090255 0.180890 0.037060
37.000000 -0.091446 0.158366 0.039467
38.000000 -0.091948 0.145914 0.042226
39.000000 -0.091422 0.147124 0.045361
40.000000 -0.089607 0.162551 0.048903
41.000000 -0.086440 0.188182 0.052878
42.000000 -0.081913 0.219695 0.057308
43.000000 -0.076072 0.252771 0.062200
44.000000 -0.069043 0.283092 0.067514
45.000000 -0.061057 0.306347 0.073149
46.000000 -0.052462 0.318234 0.078942
47.000000 -0.044668 0.312503 0.084634
48.000000 -0.044545 0.276585 0.089833
49.000000 -0.051901 0.220875 0.094943
50.000000 -0.064718 0.159764 0.100472
51.000000 -0.080747 0.107618 0.106716
52.000000 -0.097407 0.078725 0.113714
53.000000 -0.113267 0.074058 0.121325
54.000000 -0.128283 0.082976 0.129443
55.000000 -0.142100 0.099137 0.138068
56.000000 -0.154547 0.116220 0.147171
57.000000 -0.165676 0.127933 0.156652
58.000000 -0.175821 0.129443 0.165133
59.000000 -0.182111 0.124583 0.170263
60.000000 -0.163891 0.123120 0.174748
"l lower arm"
""
8 0.000000 0.000000 0.000000 0.000000 0.000000 0.000000
61
0.000000 1.458558 9.702139 -0.646514
1.000000 1.492249 10.059006 -0.353278
2.000000 1.596863 10.467600 -0.186348
3.000000 1.798728 10.945377 0.006276
4.000000 2.102173 11.528422 0.360691
5.000000 2.475942 12.254139 0.796014
6.000000 2.809843 13.098926 1.223346
7.000000 2.984401 13.862899 1.554443
8.000000 3.000336 14.223825 1.770162
9.000000 2.971682 14.123428 1.882938
10.000000 2.914655 13.636605 1.877088
11.000000 2.750771 12.928443 1.736107
12.000000 2.481982 12.228004 1.466100
13.000000 2.210518 11.660509 1.079167
14.000000 2.041570 11.253168 0.604438
15.000000 2.063290 11.022523 0.059308
16.000000 2.288868 11.022591 -0.568899
17.000000 2.571700 11.294580 -1.164414
18.000000 2.751674 11.720029 -1.556035
19.000000 2.724880 11.909060 -1.500757
20.000000 2.626262 11.983214 -1.192978
21.000000 2.500630 12.009475 -0.774971
22.000000 2.364908 12.036157 -0.349033
23.000000 2.203279 12.063556 0.022652
24.000000 2.026410 12.071963 0.286384
25.000000 1.885509 12.039857 0.377931
26.000000 1.827010 11.956371 0.288393
27.000000 1.857385 11.832945 0.072117
28.000000 1.976340 11.722281 -0.243365
29.000000 2.179984 11.705659 -0.637623
30.000000 2.416842 11.841925 -1.053603
31.000000 2.615846 12.130348 -1.414148
32.000000 2.720096 12.369386 -1.541562
33.000000 2.711696 12.252978 -1.235708
34.000000 2.607213 12.104268 -0.730131
35.000000 2.423998 12.032565 -0.221987
36.000000 2.208046 12.044735 0.207259
37.000000 2.012079 12.107170 0.507441
38.000000 1.888687 12.182869 0.669005
39.000000 1.867206 12.240318 0.703529
40.000000 1.916628 12.239501 0.615393
41.000000 2.025874 12.168786 0.389436
42.000000 2.183538 12.069752 0.034336
43.000000 2.339168 12.014885 -0.385134
44.000000 2.445552 12.012250 -0.812180
45.000000 2.491953 12.037618 -1.154129
46.000000 2.488798 12.009038 -1.273978
47.000000 2.442391 11.888385 -1.054420
48.000000 2.373303 11.869927 -0.601366
49.000000 2.251033 11.972256 -0.059536
50.000000 2.064102 12.135981 0.443533
51.000000 1.869939 12.326937 0.806841
52.000000 1.753389 12.491042 0.982307
53.000000 1.763059 12.548868 0.931586
54.000000 1.857905 12.443222 0.651914
55.000000 1.976765 12.220945 0.209320
56.000000 2.078951 11.952850 -0.358043
57.000000 2.169338 11.718154 -1.014361
58.000000 2.269434 11.598218 -1.706098
59.000000 2.426081 11.778941 -2.555573
60.000000 2.413348 11.618206 -2.614192
61
0.000000 0.772948 -0.312205 0.374191
1.000000 0.929285 -0.417022 0.453157
2.000000 1.031969 -0.533626 0.549661
3.000000 1.088160 -0.616626 0.673111
4.000000 1.095285 -0.615898 0.841330
5.000000 1.086969 -0.505455 1.033317
6.000000 1.096272 -0.333194 1.223740
7.000000 1.131131 -0.187699 1.394703
8.000000 1.207244 -0.125095 1.494816
9.000000 1.327037 -0.146414 1.496336
10.000000 1.476008 -0.190027 1.354554
11.000000 1.610653 -0.233618 1.106903
12.000000 1.711352 -0.286916 0.859952
13.000000 1.778528 -0.338829 0.661744
14.000000 1.804716 -0.385217 0.529012
15.000000 1.759415 -0.455676 0.477239
16.000000 1.614609 -0.558418 0.476366
17.000000 1.399808 -0.632943 0.479429
18.000000 1.185598 -0.663011 0.485847
19.000000 1.164473 -0.662269 0.495479
20.000000 1.261830 -0.646685 0.517836
21.000000 1.405906 -0.621943 0.544708
22.000000 1.558069 -0.593903 0.568568
23.000000 1.684841 -0.560037 0.577240
24.000000 1.794060 -0.519595 0.558299
25.000000 1.903791 -0.466150 0.513873
26.000000 1.999483 -0.403362 0.466560
27.000000 2.044615 -0.372688 0.443926
28.000000 2.010166 -0.402852 0.447684
29.000000 1.876748 -0.481679 0.463667
30.000000 1.668100 -0.556996 0.480441
31.000000 1.422630 -0.609214 0.498612
32.000000 1.256870 -0.638265 0.522736
33.000000 1.342791 -0.641556 0.556495
34.000000 1.508287 -0.623948 0.594126
35.000000 1.674843 -0.572475 0.617463
36.000000 1.829517 -0.491098 0.612506
37.000000 1.956162 -0.391888 0.580922
38.000000 2.026684 -0.310273 0.548505
39.000000 2.021087 -0.299961 0.549215
40.000000 1.980326 -0.329389 0.569395
41.000000 1.911561 -0.380685 0.595603
42.000000 1.808970 -0.434430 0.618624
43.000000 1.679679 -0.478863 0.630873
44.000000 1.544368 -0.519404 0.624490
45.000000 1.435552 -0.558262 0.602976
46.000000 1.404490 -0.586927 0.586352
47.000000 1.471685 -0.586441 0.607972
48.000000 1.548772 -0.565817 0.664755
49.000000 1.609534 -0.522492 0.721990
50.000000 1.661850 -0.456691 0.744605
51.000000 1.715786 -0.368249 0.717569
52.000000 1.745478 -0.239218 0.639956
53.000000 1.726210 -0.112612 0.560791
54.000000 1.662762 -0.068428 0.537502
55.000000 1.555695 -0.095566 0.543833
56.000000 1.398335 -0.158977 0.542969
57.000000 1.197071 -0.237171 0.520030
58.000000 0.953490 -0.325935 0.477689
59.000000 0.552547 -0.430086 0.420888
60.000000 0.562633 -0.519143 0.348551
"l foot"
""
8 0.000000 0.000000 0.000000 0.000000 0.000000 0.000000
61
0.000000 3.754910 1.696437 0.452064
1.000000 3.807021 1.815978 0.362242
2.000000 3.883700 2.002232 0.248512
3.000000 4.005911 2.325028 0.180020
4.000000 4.184635 2.849588 0.225145
5.000000 4.333076 3.561577 0.452518
6.000000 4.425382 4.385356 0.770710
7.000000 4.394076 5.244359 1.060729
8.000000 4.246660 6.062017 1.260656
9.000000 4.082449 6.761765 1.340947
10.000000 3.994069 7.267036 1.275108
11.000000 4.067224 7.501264 1.027964
12.000000 4.377293 7.383359 0.551963
13.000000 4.885969 6.921937 -0.194689
14.000000 5.438337 6.395767 -1.202174
15.000000 5.884510 6.051507 -2.295959
16.000000 6.099982 5.850325 -3.239286
17.000000 6.122462 5.755098 -3.821258
18.000000 6.055389 5.734851 -3.927524
19.000000 5.937918 5.758614 -3.656373
20.000000 5.757801 5.800749 -3.154321
21.000000 5.507073 5.904611 -2.547057
22.000000 5.146181 6.075799 -1.979198
23.000000 4.742942 6.299766 -1.637500
24.000000 4.445224 6.561958 -1.712005
25.000000 4.460835 6.847827 -2.311261
26.000000 4.917918 7.142817 -3.342565
27.000000 5.481939 7.452024 -4.503600
28.000000 5.789464 7.811893 -5.470224
29.000000 5.795829 8.155891 -6.049380
30.000000 5.749858 8.407977 -6.254675
31.000000 5.819677 8.492112 -6.212842
32.000000 6.008731 8.337543 -5.916055
33.000000 6.204168 8.043067 -5.393501
34.000000 6.116988 7.742794 -4.664010
35.000000 5.628748 7.530409 -3.842977
36.000000 5.079216 7.496063 -3.123084
37.000000 4.841993 7.588413 -2.639053
38.000000 5.200019 7.738192 -2.707104
39.000000 5.956657 7.919848 -2.981872
40.000000 6.554334 8.107832 -3.417988
41.000000 6.661005 8.276590 -3.904626
42.000000 6.646363 8.400577 -4.424660
43.000000 6.570080 8.454242 -4.908815
44.000000 6.451614 8.412032 -5.278803
45.000000 6.336957 8.248399 -5.463058
46.000000 6.276424 7.967051 -5.394468
47.000000 6.313902 7.647943 -5.008678
48.000000 6.456559 7.347354 -4.325658
49.000000 6.426985 7.120069 -3.455503
50.000000 6.163953 7.020867 -2.601836
51.000000 5.843189 7.086907 -1.979728
52.000000 5.692764 7.195947 -1.705293
53.000000 5.746855 7.303589 -1.759613
54.000000 5.871123 7.397748 -2.026053
55.000000 6.043773 7.466342 -2.429350
56.000000 6.246801 7.497283 -2.892748
57.000000 6.465574 7.478486 -3.333643
58.000000 6.690116 7.397868 -3.661814
59.000000 6.901672 7.243343 -3.813378
60.000000 7.039674 7.002829 -3.788411
61
0.000000 -0.075874 0.070652 0.451035
1.000000 -0.060394 0.084556 0.432137
2.000000 -0.061374 0.090554 0.421325
3.000000 -0.094615 0.061367 0.424823
4.000000 -0.205853 -0.004349 0.446737
5.000000 -0.369624 -0.089137 0.479595
6.000000 -0.559119 -0.175042 0.519602
7.000000 -0.745732 -0.240351 0.564491
8.000000 -0.903455 -0.255264 0.611147
9.000000 -1.046385 -0.193876 0.658883
10.000000 -1.143848 -0.103536 0.706405
11.000000 -1.154497 -0.042766 0.749457
12.000000 -1.050387 -0.053248 0.780239
13.000000 -0.916635 -0.106772 0.794581
14.000000 -0.765786 -0.183440 0.789625
15.000000 -0.583953 -0.265643 0.764582
16.000000 -0.291548 -0.337173 0.726824
17.000000 0.159940 -0.384944 0.696586
18.000000 -0.014697 -0.394476 0.680627
19.000000 -0.316867 -0.366606 0.680194
20.000000 -0.437691 -0.311720 0.691163
21.000000 -0.484530 -0.241583 0.710027
22.000000 -0.528573 -0.168076 0.733278
23.000000 -0.559329 -0.102973 0.757304
24.000000 -0.567084 -0.057892 0.778173
25.000000 -0.542525 -0.043308 0.791776
26.000000 -0.376106 -0.055616 0.797837
27.000000 -0.018762 -0.086124 0.797881
28.000000 0.414615 -0.127109 0.793530
29.000000 0.808654 -0.170930 0.786683
30.000000 1.047588 -0.210016 0.779443
31.000000 1.041319 -0.239179 0.777730
32.000000 0.868864 -0.269916 0.791433
33.000000 0.599529 -0.308010 0.816138
34.000000 0.291527 -0.349367 0.849023
35.000000 0.003624 -0.390194 0.886787
36.000000 -0.204442 -0.427282 0.925366
37.000000 -0.292428 -0.458146 0.959828
38.000000 -0.283112 -0.480973 0.984529
39.000000 -0.198414 -0.494222 0.993513
40.000000 -0.006986 -0.497569 0.982541
41.000000 0.258450 -0.492253 0.950334
42.000000 0.552834 -0.479112 0.896519
43.000000 0.830516 -0.459200 0.821017
44.000000 1.046295 -0.435094 0.725400
45.000000 1.181963 -0.431288 0.718831
46.000000 1.183142 -0.451456 0.791507
47.000000 0.983376 -0.481519 0.857446
48.000000 0.686332 -0.530581 0.947716
49.000000 0.362989 -0.585760 1.065758
50.000000 0.069011 -0.631670 1.193351
51.000000 -0.130203 -0.661595 1.303717
52.000000 -0.164582 -0.678243 1.365198
53.000000 -0.071514 -0.689210 1.357363
54.000000 0.072368 -0.698276 1.274274
55.000000 0.246067 -0.703455 1.143885
56.000000 0.427968 -0.704550 1.019470
57.000000 0.599538 -0.706710 0.952831
58.000000 0.744443 -0.716529 0.956478
59.000000 0.830302 -0.733608 0.962730
60.000000 0.718068 -0.754329 0.998783
"l hand"
""
8 0.000000 0.000000 0.000000 0.000000 0.000000 0.000000
61
0.000000 2.433077 8.474427 -2.035138
1.000000 2.659752 9.233858 -1.883412
2.000000 2.944831 10.033398 -1.728973
3.000000 3.249427 10.859201 -1.501466
4.000000 3.538870 11.697315 -1.153449
5.000000 3.776474 12.533785 -0.821285
6.000000 3.919823 13.355015 -0.533812
7.000000 3.925420 14.064241 -0.305444
8.000000 3.761975 14.420357 -0.170590
9.000000 3.498332 14.391018 -0.126111
10.000000 3.194632 13.987959 -0.168249
11.000000 2.896964 13.407429 -0.297225
12.000000 2.648455 12.871173 -0.519817
13.000000 2.489536 12.425433 -0.850154
14.000000 2.465058 12.063126 -1.279671
15.000000 2.694622 11.791163 -1.783475
16.000000 3.239083 11.616256 -2.338050
17.000000 3.825924 11.545183 -2.822533
18.000000 4.182009 11.585673 -3.079628
19.000000 4.165631 11.747055 -3.011793
20.000000 3.992538 12.028878 -2.779309
21.000000 3.714714 12.343281 -2.448235
22.000000 3.373330 12.649014 -2.078983
23.000000 3.006125 12.870921 -1.734858
24.000000 2.647816 13.006894 -1.481383
25.000000 2.331073 13.077516 -1.385583
26.000000 2.110996 13.074155 -1.459506
27.000000 2.067784 12.991190 -1.659772
28.000000 2.268456 12.850820 -1.982996
29.000000 2.732870 12.687449 -2.402744
30.000000 3.307058 12.535438 -2.817632
31.000000 3.811430 12.429499 -3.107172
32.000000 4.077817 12.405541 -3.135467
33.000000 4.004786 12.500081 -2.864235
34.000000 3.698679 12.683896 -2.420685
35.000000 3.224536 12.867915 -1.967430
36.000000 2.688042 13.036949 -1.573291
37.000000 2.207027 13.176921 -1.282216
38.000000 1.905594 13.273767 -1.118423
39.000000 1.874382 13.313394 -1.094720
40.000000 1.998028 13.281759 -1.199080
41.000000 2.247639 13.164656 -1.439308
42.000000 2.601849 12.974115 -1.807505
43.000000 2.986323 12.769562 -2.228200
44.000000 3.327574 12.579882 -2.624657
45.000000 3.564049 12.433125 -2.908958
46.000000 3.639912 12.357690 -2.988219
47.000000 3.513812 12.381708 -2.784719
48.000000 3.291469 12.531112 -2.363480
49.000000 2.987323 12.728864 -1.868034
50.000000 2.617592 12.905170 -1.423882
51.000000 2.239668 13.051380 -1.122854
52.000000 1.935438 13.080452 -1.018866
53.000000 1.795590 12.952214 -1.123042
54.000000 1.890119 12.686454 -1.427759
55.000000 2.172253 12.302345 -1.874043
56.000000 2.552340 11.818951 -2.393533
57.000000 2.954818 11.287083 -2.907095
58.000000 3.320335 10.777440 -3.320769
59.000000 3.580631 10.342943 -3.550644
60.000000 3.547075 10.145657 -3.579340
61
0.000000 0.440313 -0.383314 1.039865
1.000000 0.454557 -0.643840 1.064739
2.000000 0.644711 -0.865078 0.988397
3.000000 1.083952 -0.967831 0.542002
4.000000 1.344621 -0.867649 -0.072401
5.000000 1.307065 -0.582201 -0.305919
6.000000 1.097839 -0.205254 -0.134056
7.000000 0.892305 0.169280 0.196481
8.000000 0.791167 0.449177 0.592616
9.000000 0.890633 0.532081 0.953883
10.000000 1.112527 0.373142 1.159197
11.000000 1.345954 0.050513 1.207238
12.000000 1.579430 -0.363451 1.291993
13.000000 1.810325 -0.780626 1.355884
14.000000 2.069180 -1.101158 1.299228
15.000000 2.090247 -1.205393 1.210586
16.000000 1.483962 -1.107002 1.373470
17.000000 1.094242 -1.009705 1.498645
18.000000 1.083836 -1.005476 1.541264
19.000000 1.160452 -1.040558 1.563203
20.000000 1.311388 -1.103913 1.553153
21.000000 1.529856 -1.183005 1.493450
22.000000 1.825895 -1.262413 1.351632
23.000000 2.469631 -1.328424 0.844194
24.000000 3.078393 -1.305938 0.362558
25.000000 -3.051982 -1.299835 0.299190
26.000000 -3.058469 -1.309898 0.342636
27.000000 3.008873 -1.338454 0.552351
28.000000 2.470262 -1.350813 1.051874
29.000000 1.924087 -1.288606 1.531826
30.000000 1.331761 -1.215339 1.675941
31.000000 1.206357 -1.200580 1.603424
32.000000 1.269688 -1.190924 1.567749
33.000000 1.372035 -1.175892 1.599845
34.000000 1.495215 -1.135717 1.646483
35.000000 1.632772 -1.052110 1.630514
36.000000 1.771159 -0.936711 1.557757
37.000000 1.931696 -0.933603 1.386842
38.000000 2.105688 -1.043319 1.168944
39.000000 2.275668 -1.166817 0.952458
40.000000 2.269039 -1.208124 0.837470
41.000000 2.067683 -1.165630 0.962876
42.000000 1.771434 -1.089476 1.248011
43.000000 1.422578 -0.997785 1.555254
44.000000 1.094017 -0.886530 1.722189
45.000000 0.848986 -0.791649 1.775005
46.000000 0.730747 -0.778021 1.772476
47.000000 0.774549 -0.837372 1.716698
48.000000 0.968199 -0.866353 1.670745
49.000000 1.197264 -0.821303 1.635190
50.000000 1.400174 -0.774413 1.543960
51.000000 1.578401 -0.808916 1.379378
52.000000 1.720967 -0.924820 1.219036
53.000000 1.808120 -1.055430 1.074823
54.000000 1.756334 -1.144492 0.941143
55.000000 1.486884 -1.139624 0.818093
56.000000 1.140465 -1.011288 0.730088
57.000000 0.897508 -0.805902 0.994156
58.000000 0.836074 -0.560899 1.142675
59.000000 0.784856 -0.313573 1.208132
60.000000 0.730736 -0.103454 1.252509
"l leg"
""
8 0.000000 0.000000 0.000000 0.000000 0.000000 0.000000
61
0.000000 2.070464 5.174014 -0.639622
1.000000 2.171038 5.378586 -0.506128
2.000000 2.282105 5.635925 -0.346341
3.000000 2.375173 5.955492 -0.352060
4.000000 2.432170 6.359200 -0.631695
5.000000 2.496327 6.815955 -1.016515
6.000000 2.625944 7.278880 -1.353491
7.000000 2.777895 7.716675 -1.659250
8.000000 2.929355 8.083651 -1.948765
9.000000 3.075338 8.394612 -2.186408
10.000000 3.178624 8.669382 -2.397922
11.000000 3.182614 8.921496 -2.622119
12.000000 3.079819 9.104283 -2.835910
13.000000 2.983326 9.123141 -2.961877
14.000000 2.957392 8.988378 -3.003832
15.000000 3.008818 8.768378 -2.982758
16.000000 3.102508 8.501725 -2.910787
17.000000 3.175601 8.298701 -2.836996
18.000000 3.149263 8.288898 -2.853293
19.000000 3.046864 8.450718 -2.937304
20.000000 2.952858 8.669591 -2.997081
21.000000 2.846443 8.869474 -3.050354
22.000000 2.682642 9.031873 -3.126060
23.000000 2.449559 9.182699 -3.234931
24.000000 2.154666 9.403172 -3.386383
25.000000 1.905143 9.695062 -3.529614
26.000000 1.940074 9.826284 -3.575234
27.000000 2.293111 9.680951 -3.510652
28.000000 2.787152 9.433312 -3.353666
29.000000 3.205456 9.236704 -3.178054
30.000000 3.318376 9.201707 -3.159425
31.000000 3.213917 9.240056 -3.250867
32.000000 3.089158 9.257756 -3.317595
33.000000 2.993659 9.319136 -3.347291
34.000000 2.748359 9.555249 -3.443345
35.000000 2.433646 9.945476 -3.557569
36.000000 2.296304 10.351856 -3.594816
37.000000 2.364259 10.608748 -3.567008
38.000000 2.559385 10.657260 -3.500057
39.000000 2.902348 10.499062 -3.358078
40.000000 3.203828 10.310212 -3.202808
41.000000 3.216747 10.220441 -3.210925
42.000000 3.189240 10.066682 -3.243525
43.000000 3.191192 9.857736 -3.254727
44.000000 3.204669 9.622069 -3.250050
45.000000 3.196393 9.401201 -3.242567
46.000000 3.132376 9.240885 -3.246213
47.000000 3.054981 9.183257 -3.235286
48.000000 3.115110 9.221409 -3.123441
49.000000 3.128905 9.370629 -3.030854
50.000000 3.089199 9.574770 -2.984124
51.000000 3.051612 9.800621 -2.962348
52.000000 3.044873 9.952547 -2.935131
53.000000 3.038065 10.030913 -2.920148
54.000000 3.019581 10.076855 -2.928154
55.000000 2.996980 10.031162 -2.940665
56.000000 3.007291 9.869345 -2.932563
57.000000 3.083938 9.594680 -2.876534
58.000000 3.257318 9.267368 -2.743368
59.000000 3.501845 8.952127 -2.531221
60.000000 3.695444 8.655638 -2.302801
61
0.000000 -0.281052 0.227183 0.385712
1.000000 -0.220612 0.197194 0.386218
2.000000 -0.149119 0.169535 0.389502
3.000000 -0.132671 0.150142 0.401948
4.000000 -0.215732 0.148732 0.430381
5.000000 -0.375860 0.124320 0.464683
6.000000 -0.557552 0.077026 0.508226
7.000000 -0.742704 0.022417 0.558333
8.000000 -0.924930 -0.028995 0.616092
9.000000 -1.075602 -0.071204 0.684191
10.000000 -1.165061 -0.101644 0.759743
11.000000 -1.156073 -0.122743 0.829541
12.000000 -1.018174 -0.139953 0.869316
13.000000 -0.770481 -0.156967 0.863879
14.000000 -0.470238 -0.162147 0.845617
15.000000 -0.172231 -0.154532 0.840837
16.000000 0.084467 -0.139970 0.835021
17.000000 0.251416 -0.125685 0.826763
18.000000 0.274506 -0.117234 0.817086
19.000000 0.183045 -0.116282 0.799755
20.000000 0.041206 -0.119630 0.769428
21.000000 -0.124699 -0.110584 0.745400
22.000000 -0.289028 -0.086838 0.720718
23.000000 -0.408003 -0.052673 0.694859
24.000000 -0.428455 -0.017239 0.686416
25.000000 -0.306534 0.002540 0.730683
26.000000 -0.056224 -0.005395 0.837665
27.000000 0.251692 -0.020529 0.955517
28.000000 0.557288 -0.032273 1.055594
29.000000 0.799393 -0.041452 1.133075
30.000000 0.883501 -0.050622 1.193916
31.000000 0.833321 -0.059740 1.225885
32.000000 0.707597 -0.068849 1.206898
33.000000 0.538532 -0.083178 1.143079
34.000000 0.312538 -0.108621 1.042379
35.000000 0.073679 -0.147815 0.912943
36.000000 -0.118293 -0.195265 0.795876
37.000000 -0.238256 -0.236332 0.744266
38.000000 -0.203774 -0.255027 0.787904
39.000000 -0.095093 -0.249815 0.893548
40.000000 0.056883 -0.234724 0.976455
41.000000 0.179661 -0.218456 1.018037
42.000000 0.306393 -0.196829 1.060295
43.000000 0.433171 -0.172605 1.098212
44.000000 0.537427 -0.142389 1.130039
45.000000 0.591795 -0.110426 1.145340
46.000000 0.568537 -0.084248 1.132350
47.000000 0.460398 -0.069701 1.096153
48.000000 0.306884 -0.081987 1.033874
49.000000 0.108375 -0.111623 0.960070
50.000000 -0.094625 -0.145924 0.891730
51.000000 -0.249506 -0.177493 0.844832
52.000000 -0.315549 -0.191740 0.827789
53.000000 -0.296786 -0.186443 0.838973
54.000000 -0.228618 -0.179611 0.858443
55.000000 -0.127595 -0.159970 0.891795
56.000000 -0.008245 -0.129745 0.940061
57.000000 0.116278 -0.086972 1.001640
58.000000 0.232736 -0.041453 1.062365
59.000000 0.326782 -0.010656 1.101475
60.000000 0.380870 0.024569 1.121567
"l thigh"
""
8 0.000000 0.000000 0.000000 0.000000 0.000000 0.000000
61
0.000000 0.985642 8.770151 0.864962
1.000000 0.990821 9.007201 0.863216
2.000000 0.998792 9.301440 0.849574
3.000000 1.013173 9.607279 0.805942
4.000000 1.030728 9.906136 0.744535
5.000000 1.047883 10.178931 0.681843
6.000000 1.061698 10.402690 0.636738
7.000000 1.071715 10.544401 0.614597
8.000000 1.081320 10.566227 0.592217
9.000000 1.090466 10.517272 0.568772
10.000000 1.098931 10.422861 0.544538
11.000000 1.106489 10.296478 0.519864
12.000000 1.112936 10.151628 0.495164
13.000000 1.118105 10.001844 0.470916
14.000000 1.121871 9.860703 0.447659
15.000000 1.124416 9.742078 0.425910
16.000000 1.126452 9.660387 0.406061
17.000000 1.128177 9.629432 0.388593
18.000000 1.129786 9.662993 0.374006
19.000000 1.131385 9.774550 0.362296
20.000000 1.132769 9.970074 0.352203
21.000000 1.133960 10.169091 0.343697
22.000000 1.135146 10.337080 0.335346
23.000000 1.136506 10.464762 0.325770
24.000000 1.138049 10.543257 0.315244
25.000000 1.139795 10.563684 0.304058
26.000000 1.141749 10.517145 0.292490
27.000000 1.143925 10.397863 0.280832
28.000000 1.146336 10.227935 0.269379
29.000000 1.148997 10.041750 0.258420
30.000000 1.151909 9.873504 0.248255
31.000000 1.155279 9.757809 0.239936
32.000000 1.159783 9.730311 0.236480
33.000000 1.164923 9.824351 0.237155
34.000000 1.170109 10.011409 0.240740
35.000000 1.174871 10.202354 0.246071
36.000000 1.178867 10.381133 0.252286
37.000000 1.182008 10.532649 0.258028
38.000000 1.184326 10.641918 0.261845
39.000000 1.185876 10.693983 0.262284
40.000000 1.186729 10.674272 0.259140
41.000000 1.186935 10.568794 0.254154
42.000000 1.186523 10.389963 0.249184
43.000000 1.185612 10.197548 0.246144
44.000000 1.184426 10.020721 0.246937
45.000000 1.183307 9.887819 0.253468
46.000000 1.182629 9.827348 0.267630
47.000000 1.182741 9.868375 0.292110
48.000000 1.183802 10.040563 0.332216
49.000000 1.183865 10.264992 0.383480
50.000000 1.181745 10.468040 0.437626
51.000000 1.178213 10.636944 0.484019
52.000000 1.174734 10.760472 0.517111
53.000000 1.172380 10.830057 0.537142
54.000000 1.171007 10.839178 0.548807
55.000000 1.170301 10.780536 0.554944
56.000000 1.169910 10.647065 0.558306
57.000000 1.169553 10.463569 0.561656
58.000000 1.168609 10.274180 0.567755
59.000000 1.163652 10.100699 0.577619
60.000000 1.150540 9.961420 0.588538
61
0.000000 0.385227 0.227183 0.385712
1.000000 0.346284 0.197194 0.386218
2.000000 0.298746 0.169535 0.389502
3.000000 0.287901 0.150142 0.401948
4.000000 0.345031 0.148732 0.430381
5.000000 0.429865 0.124320 0.464683
6.000000 0.507488 0.077026 0.508226
7.000000 0.586126 0.022417 0.558333
8.000000 0.665267 -0.028995 0.616092
9.000000 0.733905 -0.071203 0.684191
10.000000 0.799699 -0.101643 0.759743
11.000000 0.878263 -0.122743 0.829541
12.000000 0.965202 -0.139953 0.869316
13.000000 1.024079 -0.156967 0.863879
14.000000 1.040864 -0.162147 0.845617
15.000000 1.019525 -0.154532 0.840837
16.000000 0.971664 -0.139971 0.835022
17.000000 0.926935 -0.125685 0.826763
18.000000 0.925914 -0.117234 0.817086
19.000000 0.958339 -0.116282 0.799755
20.000000 0.982811 -0.119630 0.769428
21.000000 1.002814 -0.110584 0.745400
22.000000 1.031245 -0.086838 0.720718
23.000000 1.077351 -0.052673 0.694859
24.000000 1.157372 -0.017239 0.686416
25.000000 1.255631 0.002540 0.730684
26.000000 1.287068 -0.005395 0.837665
27.000000 1.217887 -0.020529 0.955517
28.000000 1.100467 -0.032273 1.055594
29.000000 0.997457 -0.041452 1.133075
30.000000 0.981967 -0.050622 1.193916
31.000000 1.023905 -0.059740 1.225885
32.000000 1.061466 -0.068849 1.206898
33.000000 1.085386 -0.083178 1.143079
34.000000 1.156276 -0.108621 1.042379
35.000000 1.265139 -0.147815 0.912943
36.000000 1.345147 -0.195265 0.795876
37.000000 1.360974 -0.236332 0.744266
38.000000 1.306949 -0.255028 0.787905
39.000000 1.182342 -0.249815 0.893548
40.000000 1.074731 -0.234724 0.976455
41.000000 1.067838 -0.218456 1.018037
42.000000 1.072041 -0.196829 1.060295
43.000000 1.065013 -0.172605 1.098212
44.000000 1.051316 -0.142389 1.130039
45.000000 1.041947 -0.110426 1.145340
46.000000 1.047149 -0.084248 1.132350
47.000000 1.055063 -0.069701 1.096153
48.000000 1.023847 -0.081987 1.033874
49.000000 1.011411 -0.111623 0.960070
50.000000 1.023751 -0.145924 0.891730
51.000000 1.044966 -0.177493 0.844832
52.000000 1.052409 -0.191740 0.827789
53.000000 1.053356 -0.186443 0.838973
54.000000 1.061817 -0.179611 0.858443
55.000000 1.065662 -0.159970 0.891795
56.000000 1.054592 -0.129746 0.940062
57.000000 1.018818 -0.086972 1.001640
58.000000 0.954141 -0.041453 1.062365
59.000000 0.868255 -0.010656 1.101475
60.000000 0.786889 0.024569 1.121567
"l upper arm"
""
8 0.000000 0.000000 0.000000 0.000000 0.000000 0.000000
61
0.000000 0.585678 12.567377 -1.244489
1.000000 0.539338 12.862657 -1.102913
2.000000 0.506178 13.210403 -0.973864
3.000000 0.507295 13.582873 -0.836871
4.000000 0.552489 13.947713 -0.680107
5.000000 0.609752 14.266876 -0.548188
6.000000 0.671097 14.512042 -0.441933
7.000000 0.733502 14.654164 -0.357702
8.000000 0.793666 14.671146 -0.300100
9.000000 0.850955 14.614475 -0.267722
10.000000 0.903012 14.511223 -0.258518
11.000000 0.946294 14.376615 -0.269913
12.000000 0.977210 14.225465 -0.301311
13.000000 0.994060 14.070062 -0.366158
14.000000 0.986760 13.928200 -0.444039
15.000000 0.955770 13.816092 -0.511219
16.000000 0.906363 13.748197 -0.553781
17.000000 0.845867 13.739479 -0.552972
18.000000 0.782056 13.802197 -0.499528
19.000000 0.723283 13.942857 -0.410397
20.000000 0.676589 14.161938 -0.309072
21.000000 0.650928 14.375358 -0.216928
22.000000 0.640476 14.550740 -0.150209
23.000000 0.633196 14.682951 -0.115461
24.000000 0.627601 14.764832 -0.096280
25.000000 0.623235 14.787879 -0.087642
26.000000 0.619747 14.743315 -0.086238
27.000000 0.616712 14.625427 -0.088760
28.000000 0.613580 14.456404 -0.091919
29.000000 0.609675 14.270769 -0.092457
30.000000 0.604169 14.102891 -0.087146
31.000000 0.596189 13.987116 -0.071396
32.000000 0.585259 13.957552 -0.040322
33.000000 0.571058 14.047915 -0.000460
34.000000 0.553948 14.230359 0.040723
35.000000 0.535344 14.416451 0.076062
36.000000 0.517678 14.590747 0.098788
37.000000 0.504021 14.738688 0.102565
38.000000 0.495090 14.845690 0.088052
39.000000 0.488130 14.897242 0.063231
40.000000 0.482224 14.878684 0.028052
41.000000 0.475893 14.775343 -0.015540
42.000000 0.467906 14.598928 -0.065563
43.000000 0.457616 14.408418 -0.120058
44.000000 0.445182 14.232028 -0.177211
45.000000 0.431737 14.096931 -0.235403
46.000000 0.419507 14.030260 -0.293265
47.000000 0.412516 14.059118 -0.348823
48.000000 0.418903 14.209742 -0.397347
49.000000 0.439526 14.404581 -0.444790
50.000000 0.471377 14.573008 -0.495850
51.000000 0.508059 14.706553 -0.554081
52.000000 0.539235 14.796918 -0.625248
53.000000 0.558953 14.836011 -0.709550
54.000000 0.573818 14.817706 -0.789943
55.000000 0.595420 14.737857 -0.844284
56.000000 0.620853 14.585961 -0.887034
57.000000 0.667676 14.376884 -0.935481
58.000000 0.736802 14.146490 -1.006935
59.000000 0.796707 13.923844 -1.106101
60.000000 0.804603 13.774147 -1.157725
61
0.000000 -0.151740 -0.305563 0.375930
1.000000 -0.217097 -0.409053 0.455766
2.000000 -0.250897 -0.524935 0.553068
3.000000 -0.292980 -0.607400 0.677020
4.000000 -0.377657 -0.606045 0.844991
5.000000 -0.471308 -0.494997 1.036293
6.000000 -0.555992 -0.322151 1.226192
7.000000 -0.629390 -0.176077 1.396955
8.000000 -0.689027 -0.112867 1.497273
9.000000 -0.728250 -0.133643 1.499456
10.000000 -0.728387 -0.176996 1.358831
11.000000 -0.677574 -0.220779 1.112553
12.000000 -0.585298 -0.274646 0.866955
13.000000 -0.464833 -0.327388 0.669943
14.000000 -0.320518 -0.374801 0.538087
15.000000 -0.153190 -0.446435 0.486630
16.000000 0.058118 -0.550722 0.485199
17.000000 0.298670 -0.627275 0.486427
18.000000 0.498618 -0.659325 0.490406
19.000000 0.513835 -0.658759 0.499789
20.000000 0.416906 -0.642193 0.523311
21.000000 0.275034 -0.616088 0.551757
22.000000 0.129340 -0.586774 0.577059
23.000000 -0.000489 -0.551904 0.586699
24.000000 -0.090104 -0.510870 0.568412
25.000000 -0.115298 -0.457415 0.524591
26.000000 -0.076557 -0.395149 0.477783
27.000000 0.000733 -0.365195 0.455419
28.000000 0.109945 -0.396092 0.459056
29.000000 0.255934 -0.475714 0.474210
30.000000 0.431359 -0.552093 0.489137
31.000000 0.611015 -0.605701 0.504592
32.000000 0.701176 -0.635685 0.526850
33.000000 0.573607 -0.637947 0.562054
34.000000 0.363926 -0.618614 0.601921
35.000000 0.167578 -0.565622 0.626869
36.000000 0.014291 -0.483216 0.622855
37.000000 -0.086528 -0.383486 0.591742
38.000000 -0.141851 -0.301643 0.559470
39.000000 -0.161707 -0.291166 0.560069
40.000000 -0.145760 -0.320600 0.580069
41.000000 -0.085795 -0.372186 0.606023
42.000000 0.019540 -0.426556 0.628522
43.000000 0.151413 -0.471886 0.639846
44.000000 0.292954 -0.513515 0.632267
45.000000 0.411375 -0.553358 0.609654
46.000000 0.443568 -0.582303 0.592769
47.000000 0.329979 -0.580896 0.615326
48.000000 0.130555 -0.558701 0.673010
49.000000 -0.091836 -0.513654 0.730490
50.000000 -0.292537 -0.446367 0.752841
51.000000 -0.437943 -0.356933 0.725451
52.000000 -0.510170 -0.227445 0.647477
53.000000 -0.507538 -0.100838 0.568015
54.000000 -0.429290 -0.057139 0.544514
55.000000 -0.291701 -0.085255 0.550464
56.000000 -0.116404 -0.150146 0.548795
57.000000 0.083604 -0.230369 0.524564
58.000000 0.297530 -0.321740 0.480442
59.000000 0.597494 -0.430359 0.420659
60.000000 0.627211 -0.519542 0.348217
